0.247917
0.434051
0.474593
0.417744
0.263453
0.202999
0.514545
0.448003
0.544508
0.438396
0.305691
-0.0318160
0.490733
0.198906
0.492828
0.196311
0.549468
0.389197
0.237750
0.631663
0.135975
0.405215
0.175008
0.207168
0.189749
0.392631
0.221258
0.259255
0.218246
0.371738
0.273029
0.0326525
0.239743
0.580447
0.264734
0.170145
0.228911
0.518461
0.150738
0.248334
0.243841
0.194049
0.191381
0.422848
0.136295
0.145702
0.144794
0.422459
0.230433
0.293469
0.168085
0.285329
0.400123
-0.0313467
0.268408
0.230766
0.320270
0.199746
0.248159
0.171866
0.213215
0.323954
0.355983
0.563817
0.234033
0.186422
0.277133
0.161134
0.473723
0.357939
0.298410
0.479886
0.250062
0.503218
0.218363
0.192112
0.178888
0.176415
0.237253
0.197317
0.385590
-0.0318160
0.151930
0.505104
0.631429
0.367776
0.198801
0.243421
0.365644
0.229093
0.322321
0.167717
0.337482
0.185778
0.471317
0.467730
0.289109
0.313406
0.256316
0.245679
0.251715
0.268097
0.378340
0.563884
0.264901
0.350494
0.108199
0.181318
0.143306
0.393916
0.550169
0.309065
0.391034
0.219253
0.345126
0.167822
0.358508
0.262208
0.215027
0.215603
0.0326615
0.266368
0.417235
0.299004
0.147801
0.572739
0.198218
0.352162
0.295701
0.201040
0.411026
0.390559
0.391576
0.500513
0.370032
0.193868
0.231156
0.370093
0.173481
0.164425
0.269347
0.350316
0.498168
0.335293
0.246228
0.228349
0.318691
0.153026
0.305737
0.272739
0.289459
0.378780
0.420578
0.361663
0.383920
0.397031
0.349749
0.353523
0.366545
0.264801
0.373661
0.248252
0.275570
0.243328
0.384663
0.250402
0.319478
0.242998
0.0317148
0.382028
0.379803
0.233133
0.212059
-0.0416828
0.450652
0.315278
0.396361
0.386500
0.318245
0.316736
0.340663
0.228983
-0.0431240
0.281999
0.313699
0.325319
0.293984
0.330079
0.346049
0.344254
0.328257
0.390061
0.504239
0.575678
0.413630
0.362828
0.251518
0.284548
0.497303
0.322758
0.314496
0.329124
0.400470
0.279738
0.246941
0.285894
0.222344
0.242725
0.423753
0.449419
0.449895
0.314906
0.340622
0.359328
0.229180
0.236236
0.390416
0.0317334
0.258362
0.413354
0.219146
0.283641
0.376261
0.416535
0.304323
-0.0756218
0.275591
-0.0128065
0.198914
0.337292
0.233036
0.355279
0.260957
0.272739
0.210123
0.259069
0.207180
0.0646551
0.354477
0.148374
0.148374
0.287719
0.448372
0.301114
-0.00951236
0.297619
0.243979
0.392737
-0.0749089
0.337616
0.418860
0.386611
0.303159
0.170126
0.293647
0.294612
0.340356
0.285084
0.358097
-0.0856878
0.270700
0.0646459
0.0646471
0.309883
-0.0798191
0.322529
0.284860
0.371554
0.350117
0.362597
0.307638
0.255536
0.0646635
0.284725
0.297178
0.286112
0.270433
0.277716
0.332082
-0.0714098
0.238439
0.286975
0.302029
0.390617
0.157062
0.313868
0.224548
0.0193223
0.147593
0.311638
0.271540
0.377725
-0.0733987
0.332419
0.243408
0.0646489
0.334388
0.206015
0.153764
-0.0970378
0.251087
0.222912
0.0194358
0.286305
-0.0854630
0.296191
0.312301
0.355778
0.266550
0.136086
0.275893
0.249771
0.340258
0.297413
-0.0156379
0.157062
0.175785
0.325683
-0.0722690
-0.0813141
0.310171
0.140671
0.385962
0.262230
-0.0745412
-0.0784686
0.282445
0.273208
0.250549
0.254452
0.0646482
-0.0783885
0.250208
0.240300
0.284448
0.275937
0.0831083
0.277053
0.295585
0.0643674
0.0852218
0.0107049
0.0644850
0.0642194
0.0647207
0.276983
0.293940
0.439861
0.307649
0.296042
0.191068
0.258695
0.346960
0.388246
0.344155
0.436646
0.462447
0.284507
0.425522
0.346354
0.395870
0.381440
0.239170
0.412869
0.332867
0.329987
0.404067
0.403819
0.436717
0.453036
0.412517
0.364365
0.398453
0.374513
0.416682
0.379583
0.383048
0.369398
0.404122
0.452767
0.431618
0.413980
0.253202
0.0727081
0.0946470
0.448326
0.415863
0.0214683
0.0949331
0.241898
0.304019
-0.00893755
0.311154
0.514778
0.384966
0.265905
0.459637
0.268373
0.291374
0.356053
0.348151
0.0947239
0.259720
0.0960310
0.0960550
0.135171
0.268118
0.219626
0.325316
0.339705
0.462985
0.371493
0.288162
0.378603
0.379484
0.271558
-0.0990942
0.365379
0.215884
0.306922
0.268641
0.311540
0.259199
0.0969144
0.386629
0.314533
0.0966266
0.259360
0.0614728
0.287981
0.309292
0.351728
0.278049
0.330969
0.0958254
0.395718
0.278537
0.352831
0.0724292
0.0726318
0.275796
0.244261
0.245698
0.307955
0.379689
0.453514
0.425406
0.316779
0.220553
0.434713
0.475510
0.307130
0.240961
0.338235
0.320807
0.231285
0.247233
0.433753
0.311560
0.400520
0.0726401
0.337297
0.0725200
0.329811
0.371147
0.321900
0.292570
0.270176
0.0725262
0.363314
0.401088
0.332624
0.317426
0.306753
0.320590
0.373453
0.0720772
0.0724159
0.379590
0.396963
0.347344
0.381841
0.350676
0.361828
0.363360
0.236799
0.342495
0.184217
0.421045
0.357235
0.0727518
0.337993
0.333516
0.280443
0.0726226
0.328246
0.422175
0.358400
0.367699
0.360826
0.339073
0.361345
0.240601
0.338555
0.0954036
0.368125
0.238905
0.359931
0.317662
0.255761
0.397409
0.346373
0.351216
0.338167
0.326951
0.301306
0.230086
0.448481
0.265967
0.297185
0.315401
0.349261
0.398454
0.293715
0.285732
0.152083
0.272846
0.380096
0.0949080
0.243685
0.381146
0.474714
0.306697
0.0726366
0.346808
0.335769
0.312435
0.0723962
0.240211
0.314011
0.320283
0.338869
0.354636
0.323553
0.346659
0.273807
0.321358
0.398881
0.235182
0.515340
0.464076
0.360952
0.421242
0.320117
0.251560
0.322956
0.428430
0.0724453
0.314906
0.274942
0.391680
0.333994
0.384683
0.400854
0.262686
0.449354
0.307468
0.369114
0.250312
0.325302
0.318929
0.383819
0.381803
0.428158
0.307316
-0.0927699
0.494906
0.261727
0.447944
0.232916
0.0727208
0.313263
0.247426
0.317659
0.425625
0.0956630
0.0219985
0.391951
0.373673
0.254989
0.348411
0.316018
0.255337
0.338361
0.378023
0.406302
0.374995
0.459968
0.0724254
0.361332
0.412343
0.253158
0.397391
0.285167
0.0725577
0.373363
0.0952085
0.311865
0.423644
0.416033
0.299298
0.0724356
0.306241
0.319563
0.234235
0.448688
0.166217
0.375511
0.395992
0.504055
0.353359
0.527716
0.303203
0.329680
0.166224
0.105933
0.128042
0.200774
0.374536
0.106045
0.498104
0.433542
0.397080
0.0222878
0.505866
-0.0166137
0.515623
0.199244
0.364357
0.348027
0.105339
0.436335
0.303440
0.668113
0.357802
0.247277
0.497634
0.373076
0.360035
0.318092
0.355614
0.341234
0.511155
0.345972
0.407282
0.454184
0.591603
0.127831
0.446214
0.214946
0.444815
0.279587
0.457734
0.396643
0.105913
0.323705
0.105497
0.290898
0.381180
0.135129
0.351940
0.468794
0.526842
0.155471
0.202639
0.405335
0.462130
0.328509
0.320716
0.478199
0.464380
0.187044
0.422247
0.183965
0.399405
0.489393
0.418122
0.380931
-0.183083
0.476535
0.501494
0.496495
0.129021
0.572109
0.399258
0.415160
0.532708
0.189035
0.576171
0.610317
0.631181
0.576764
0.272538
-0.367892
0.399918
-0.394865
0.620518
0.188628
0.397561
0.369343
0.232005
0.364353
0.375020
0.451605
0.337128
0.441461
0.303174
0.314957
0.566760
0.324417
-0.375480
-0.389637
0.348182
0.231650
0.165345
0.760118
0.280948
0.495741
0.526002
-0.203765
0.425987
0.536563
0.859981
0.360000
-0.365841
0.396525
0.214648
0.350731
0.363774
0.402543
0.412621
0.412807
-0.367410
0.285272
-0.351747
0.363268
0.313934
0.168686
-0.388851
0.118275
0.217053
0.315071
0.132436
-0.392958
0.388515
0.241825
0.308068
0.233451
0.324083
0.659792
-0.388928
0.460756
0.401397
0.362943
0.321083
0.326176
0.427986
0.364440
0.584204
0.557682
0.423639
0.553917
0.528826
0.537416
0.233939
0.181428
0.0537973
0.436981
0.205704
0.104266
0.412478
0.451267
-0.172640
0.379281
0.559306
0.538583
0.474776
0.545724
0.353395
0.357865
-0.433850
0.373355
-0.294098
-0.285503
-0.355745
0.681105
0.223104
0.224794
0.529440
0.857752
0.476876
0.428954
0.461455
0.488790
0.122908
0.575334
0.357644
0.552516
0.375084
0.492759
0.151656
0.349717
0.450348
0.395463
0.361771
0.528514
-0.380868
0.544258
0.366694
0.271429
0.491919
0.535959
0.167781
0.178646
0.347277
0.550327
0.201403
0.475766
0.560881
0.413940
0.219676
0.552337
0.628794
0.300149
0.345569
0.283332
0.116903
0.392273
0.238827
0.535814
0.329136
0.355357
0.290358
-0.357838
0.368328
0.489531
0.573764
0.274383
0.230938
0.488187
0.166091
-0.387198
0.469324
0.170332
0.556027
0.388787
0.547269
0.455798
0.403241
0.550896
0.156221
0.127545
0.267641
0.209788
0.475378
0.236586
0.203641
0.431594
0.530660
0.455177
0.795594
0.356946
0.485424
0.126744
0.227911
0.127368
0.387688
0.622093
-0.397343
0.591787
0.631214
0.239898
0.269170
0.170160
0.327566
0.606709
0.488957
0.101638
0.563720
0.385553
0.434118
0.319049
0.446565
0.209903
0.476010
0.436318
0.339039
0.126485
0.404991
0.126650
0.313540
0.583905
0.242276
0.374641
0.199056
0.521846
0.194587
0.408466
0.528379
0.635768
0.421457
0.523822
0.389232
0.249369
0.223913
0.171604
0.460350
0.219963
-0.369143
0.713348
0.185200
0.544962
0.466522
0.435854
0.316547
0.569351
0.258631
0.557856
0.522955
0.255638
0.535333
0.105247
0.178694
-0.351683
0.282783
0.388699
0.355994
0.389554
0.347706
0.568672
-0.374954
0.538181
0.127241
0.400469
0.361472
0.399506
0.612804
0.219049
0.433865
-0.265370
-0.189951
0.126116
0.227640
0.452038
0.238117
0.205924
0.184189
0.114676
0.548302
0.541838
0.363582
0.325173
0.482289
0.628281
0.503977
0.249869
0.322458
0.219978
0.441745
0.417631
0.374710
0.377001
0.210800
0.413264
0.454183
0.423032
0.598847
0.419966
0.432412
0.705989
0.386417
0.456477
0.373674
0.345875
0.427105
0.377158
0.191963
0.320497
0.367451
0.442385
0.300644
0.395272
0.518048
-0.405810
0.387732
0.208198
0.404842
0.423051
-0.328179
-0.382527
0.292152
0.159908
0.361796
0.363131
0.180604
0.546727
0.530865
0.570056
0.395296
0.593425
0.319315
0.296920
0.422212
0.185496
0.235795
0.536300
0.385521
0.394327
0.533249
0.205945
0.445537
0.351666
0.511945
0.396500
0.530564
0.626252
0.534479
0.396707
0.213021
0.227178
-0.352203
0.225214
-0.353323
0.317401
0.524854
-0.352273
0.660060
0.308530
0.293714
-0.250311
0.409250
0.455784
0.504437
0.216987
-0.229642
0.571204
0.429238
-0.377270
0.366106
0.359233
0.344026
0.395871
0.450059
0.353738
0.382227
0.189019
0.562800
0.438536
0.377515
0.333736
0.701930
-0.175699
0.735586
0.520948
0.542553
0.126967
0.365547
0.437317
-0.354453
0.567854
0.343384
0.126889
0.494919
0.419918
-0.357574
0.240782
0.127573
0.125661
0.239742
0.454407
0.430916
0.368103
0.297935
0.351439
0.253582
0.00106461
0.132222
0.244569
0.372583
0.208167
0.281014
0.272425
-0.0125906
-0.0175619
0.202654
0.395743
0.379186
0.329109
0.286588
0.325472
0.310882
0.0651191
0.256561
0.318623
0.220223
0.321159
0.0651446
0.450229
0.343385
0.300586
0.293406
0.287027
0.264529
0.310475
0.0652409
0.0791365
0.302763
0.351749
0.353176
0.0653123
0.392024
0.0651660
-0.0729673
0.372734
-0.0793915
0.319526
0.355019
0.296792
0.0650128
0.297293
0.0653839
0.301579
0.266394
0.156951
0.299793
0.300977
0.177794
0.508096
0.285299
0.325476
0.284006
0.332655
0.325991
0.224944
0.290927
0.368127
0.319292
0.0791242
0.244164
0.219482
0.338529
0.151201
0.346394
0.242612
0.326883
0.146640
0.315673
0.303627
0.136349
0.178784
0.282960
0.0793760
-0.0719851
0.354736
0.0653072
-0.0784367
0.230167
0.322789
0.236639
0.255464
0.0653812
0.316641
0.267093
0.283082
0.0653036
0.0793695
0.341685
0.299694
0.317636
0.272642
0.320485
0.268062
0.0794331
0.350626
0.0653973
0.0651182
0.308880
0.0132133
0.251391
0.0653814
0.356078
0.242957
0.299271
0.0653685
-0.0824924
0.297912
0.208705
0.309897
0.0653826
0.326517
0.343020
0.255163
0.287731
0.308691
0.411404
0.300153
0.141318
0.221886
0.443918
0.221281
0.344285
-0.0630046
0.262046
0.289340
0.385869
0.0779651
0.0653138
0.0653219
0.315785
0.290176
0.343684
0.150868
0.186824
0.211447
0.0652500
0.436908
0.270210
0.276409
0.309647
0.238508
0.299708
0.273662
0.0653165
0.0778096
0.0783278
0.0653155
-0.0742817
0.333576
0.0649423
0.231672
0.275090
0.285796
0.298527
0.0802363
0.256048
0.310543
0.0138831
0.0653842
0.0790789
0.0783678
-0.0821734
0.349445
0.367914
0.0799846
0.269291
0.320645
0.303076
0.0653928
0.349653
0.275876
0.341117
0.279684
0.382698
0.211749
0.371142
0.346862
0.366121
-0.0746046
0.250934
0.345809
-0.0797940
0.298949
0.276172
0.312417
0.289463
0.256737
0.362309
0.303718
0.312224
0.293428
0.0653144
-0.0842463
0.0782467
0.312035
0.0653938
0.237540
0.316871
0.446655
0.233569
0.522896
0.257073
0.549248
0.436953
0.278454
0.0812551
0.390046
0.709195
0.429185
0.301130
0.279859
0.332923
0.311098
0.342793
0.314079
0.316395
0.0555991
0.335672
0.335617
0.312121
0.512342
0.312121
0.0796627
0.549746
0.0550589
0.475635
0.345019
0.327750
0.616148
0.318631
0.518255
0.298053
0.491198
0.372746
0.621887
0.425217
0.623610
0.506270
0.683216
0.448725
0.451086
0.282034
0.453981
0.500620
0.404291
0.717649
0.464886
0.383424
0.625976
0.381886
0.531251
0.446249
0.510437
0.375472
0.461215
0.633654
0.315173
0.382007
0.471039
0.441565
0.327353
0.686290
0.456687
0.430121
0.568140
0.468636
0.473821
0.516615
0.607576
0.528695
0.404378
0.329240
0.654490
0.403401
0.458485
0.354382
0.649899
0.568768
0.321614
0.301930
0.504509
0.301092
0.392592
0.578267
0.638736
0.439102
0.359388
0.317183
0.424229
0.326004
0.301308
0.298380
0.516836
0.490200
0.483839
0.437658
0.457193
0.334195
0.499029
0.675441
0.331338
0.306557
0.389444
0.0255738
0.268192
0.264480
0.496583
0.257348
0.367653
0.253322
0.535521
0.321721
0.283184
0.314063
0.303338
0.0800973
0.0552638
0.357696
0.454015
0.0554352
0.656725
0.708940
0.313061
0.284552
0.313740
0.302591
0.325451
0.622698
0.341965
0.330185
0.325409
0.333324
0.276070
0.339260
0.330107
0.350703
0.745339
0.285698
0.320410
0.754448
0.348374
0.690975
-0.0491526
0.476322
0.354428
0.447527
0.205969
0.302906
0.0555980
0.318798
0.255530
0.286393
0.224383
0.348898
0.224355
0.402734
0.641991
0.340156
0.574897
0.0808434
0.399202
0.297851
0.324489
0.654328
0.537628
0.661409
0.614479
0.0555943
0.0556006
0.704725
0.0554398
0.719331
0.663940
0.332253
0.656195
0.772220
0.717320
0.0813193
0.257250
-0.0486842
0.669240
0.303894
0.408874
0.0555280
0.310441
0.564228
0.630916
-0.0470538
0.606538
0.678822
0.363367
0.359477
-0.0483788
0.0553210
0.0554380
0.369342
0.638122
0.326964
0.315619
0.423369
0.760386
0.0554345
0.713400
0.381909
0.660618
0.367545
0.726701
0.728981
0.324080
0.335047
0.427229
0.311547
0.337579
0.491491
0.352300
0.321970
0.316344
0.318597
0.333517
0.451878
0.0550653
0.545202
-0.0495459
0.319634
0.608412
0.345337
0.332026
0.326673
0.300554
0.399971
0.241211
0.369995
0.439146
0.330750
0.301322
0.279986
0.419845
0.668768
0.530883
0.335634
0.0554343
0.437508
0.359084
0.524852
0.548622
0.303246
0.313015
0.0825575
0.329869
0.721831
0.326240
0.302520
0.605897
0.484585
0.326028
0.330901
0.536527
0.506191
0.338895
0.282739
0.617363
0.0554347
0.562497
0.357388
0.308220
0.0554362
0.615461
0.438110
0.341165
0.315673
0.352520
0.354698
0.340689
0.327230
0.343146
0.338991
0.352236
0.279442
0.309050
0.217354
0.511926
0.503270
0.403843
0.468437
0.0826197
0.276373
-0.0491729
0.556356
0.530515
0.527763
0.221473
0.317023
0.302333
0.0797956
0.310581
0.517753
0.346642
0.331418
0.338507
0.312732
0.285308
-0.0492841
0.0555966
0.332398
0.559912
0.318758
0.662915
0.385879
0.529852
0.0554357
0.310922
0.321203
0.533476
0.503967
0.145959
0.152137
0.495102
0.293346
0.292442
0.157112
0.587171
0.641426
0.186699
0.289519
0.392160
0.311516
0.429635
0.383033
0.874478
0.355976
0.155643
0.681752
0.501377
0.325884
0.444219
0.550125
0.436735
0.539428
0.506926
0.138198
0.315197
0.119645
0.161547
0.463706
0.436517
0.489405
0.749689
0.466177
0.637843
0.426581
0.655557
0.321409
0.346455
0.457877
0.293480
0.522273
0.521735
0.302093
0.349265
0.321918
0.378955
0.151936
0.642361
0.309357
0.541502
0.259765
0.434148
0.434080
0.471032
0.495135
0.422271
0.527909
0.532446
0.529742
0.268471
0.577036
0.481328
0.607364
0.479834
0.404031
0.412255
0.370511
0.685439
0.506944
0.532131
0.581383
0.607209
0.508598
0.423515
0.359399
0.373358
0.364322
0.368591
0.378797
0.452249
0.287926
0.270319
0.377478
0.596972
0.348905
0.530256
0.652435
0.636886
0.381913
0.584217
0.383794
0.392886
0.578432
0.652413
0.536542
0.453911
0.570437
0.470795
0.390753
0.387547
0.346227
0.580155
0.513835
0.391455
0.361579
0.468979
0.469892
0.455070
0.560815
0.393008
0.515814
0.196984
0.538342
0.436477
0.488671
0.429042
0.104828
0.482099
0.363429
0.608836
0.335154
0.602782
0.472698
0.389048
0.107688
0.401209
0.393021
0.403774
0.0712358
0.481671
0.344815
0.437048
0.633150
0.247188
0.375270
0.385470
0.381116
0.503786
0.409421
0.518069
0.258499
0.321248
0.272537
0.658764
0.253526
0.606611
0.336317
0.330652
0.338323
0.548160
0.108418
0.193322
0.426777
0.537049
0.470358
0.467577
0.545552
0.645227
0.399140
0.389954
0.705476
0.532185
0.311722
0.389954
0.681745
0.627886
0.350848
0.351710
0.352034
0.437937
0.253872
0.494385
0.312553
0.527142
0.712032
0.367864
0.367982
0.338605
0.429471
0.509916
0.365938
0.714918
0.495594
0.490924
0.210336
0.715652
0.386914
0.338582
0.632684
0.341223
0.595872
0.482177
0.546775
0.339357
0.703897
0.333606
0.398906
0.512733
0.271192
0.392516
0.504959
0.385932
0.367890
0.394257
0.383698
0.621373
0.277718
0.695396
0.577881
0.415103
0.397840
0.369883
0.397343
0.382615
0.377986
0.378098
0.459518
0.309640
0.685299
0.336286
0.318405
0.557890
0.752233
0.595589
0.192442
0.254773
0.160589
0.195775
0.141509
0.0402612
0.193644
0.152324
0.150641
0.214313
0.142034
-0.0345532
0.0539803
0.304321
0.387752
0.331602
0.277160
0.391862
0.340102
0.0475909
0.277758
0.391532
0.403393
0.300728
0.469562
0.433160
0.348987
0.322511
0.331807
0.419504
0.240325
0.360619
0.431801
0.324604
0.495731
0.479058
0.269969
0.376330
0.506290
0.301437
0.468568
0.227655
0.362632
0.443567
0.0476679
0.479498
0.404333
0.362660
0.320403
0.342667
0.240061
0.250644
0.387005
0.299237
0.296633
0.385033
0.483313
0.545966
0.0477783
0.415598
0.259444
0.444142
0.502732
0.499848
0.458085
0.634337
0.260637
0.466886
0.513839
0.455309
0.306129
0.391957
0.0476867
0.433056
0.257145
0.392074
0.403108
0.448473
0.321846
0.405873
0.293801
0.345812
0.395060
0.394494
0.429025
0.478554
0.333579
0.438944
0.393631
0.353234
0.0474978
0.576811
0.443942
0.484933
0.270523
0.284952
0.415811
0.221983
0.274551
0.267934
0.366429
0.352213
0.529052
0.493964
0.467284
0.478063
0.502497
0.309199
0.408761
0.421225
0.412270
0.438343
0.415215
0.391262
0.282824
0.410035
0.366299
0.230069
0.411178
0.417173
0.499507
0.319538
0.285210
0.414327
0.207555
0.420547
0.462652
0.446286
0.221035
0.531391
0.428105
0.446923
0.409704
0.452406
0.390548
0.314142
0.372068
0.319942
0.359654
0.332911
0.285103
0.358628
0.399282
0.318511
0.404405
0.472284
0.349377
0.341076
0.313343
0.378357
0.333279
0.299478
0.325281
0.328031
0.377380
0.341307
0.342251
0.253625
0.448755
0.357200
0.313665
0.300254
0.397267
0.325997
0.406359
0.338899
0.478623
0.275928
0.399257
0.485637
0.345483
0.435999
0.471056
0.297896
0.434152
0.407212
0.491025
0.448062
0.477641
0.557505
0.446504
0.341465
0.503764
0.444404
0.383715
0.495730
0.501110
0.446346
0.399515
0.474094
0.443353
0.416503
0.508764
0.428088
0.414422
0.458696
0.492956
0.419311
0.420957
0.419990
0.428468
0.387533
0.445290
0.399150
0.529815
0.245802
0.308894
0.423596
0.427188
0.403817
0.455388
0.459884
0.364395
0.449529
0.428307
0.458216
0.508664
0.393065
0.353542
0.522170
0.490218
0.415595
0.481029
0.555164
0.498106
0.467411
0.437630
0.340193
0.285248
0.312743
0.354902
0.382987
0.428644
0.408364
0.389512
0.454626
0.505477
0.388519
0.313992
0.466065
0.361549
0.302181
0.364637
0.255041
0.220908
0.204251
0.446521
0.416438
0.287809
0.253532
0.0477862
0.399027
0.328196
0.366172
0.443859
0.0688664
0.308712
0.338854
0.262967
0.385580
0.625778
0.0203015
0.411947
0.225748
0.378169
0.479761
0.403997
0.387053
0.342712
0.400193
0.424656
0.394781
0.392872
0.434131
0.421194
0.394855
0.511607
0.344794
0.331807
0.592759
0.489363
0.272755
0.326162
0.421822
0.486241
0.370094
0.428763
0.392478
0.443481
0.368223
0.338989
0.381034
0.322225
0.171553
0.0475131
0.449235
0.252310
0.447822
0.368868
0.447961
0.458043
0.482914
0.558427
0.366356
0.440130
0.447920
0.444337
0.496573
0.394274
0.269544
0.536747
0.507701
0.414647
0.502978
0.525928
0.389556
0.514637
0.419630
0.232591
0.425827
0.458529
0.422011
0.434596
0.445334
0.459183
0.369927
0.297013
0.474711
0.378377
0.360844
0.427755
0.340410
0.392431
0.324145
0.221103
0.414118
0.348974
0.299699
0.349382
0.332991
0.324916
0.316190
0.417158
0.281633
0.274825
0.402329
0.0476801
0.507625
0.224230
0.557149
0.521261
0.0476189
0.461565
0.365972
0.379936
0.261328
0.343152
0.458158
0.532659
0.256948
0.235659
0.233829
0.249287
0.332676
0.155070
0.156236
0.0351066
0.314535
0.317107
0.325111
0.318828
0.289324
0.192681
0.275179
0.269137
0.297156
0.334554
0.310215
0.197623
0.317235
0.228875
0.227546
0.221342
0.232154
0.226699
0.226628
0.307915
0.259540
0.0238212
0.184701
0.214169
0.231070
0.222212
0.352710
0.260409
0.258366
0.302891
0.215938
0.296525
0.656578
0.309536
0.480646
0.385038
0.351139
0.439614
0.416837
0.117172
0.498751
0.565654
0.503581
0.577907
0.240566
0.463755
0.429361
0.504993
0.579491
0.415396
0.646897
0.470785
0.303219
0.504096
0.562987
0.425051
0.358133
0.435056
0.629748
0.613749
0.376466
0.117183
0.528017
0.591438
0.437824
0.179499
0.516909
0.414454
0.424764
0.392804
0.385072
0.429122
0.408947
0.499800
0.394641
0.369753
0.412270
0.375007
0.426252
0.483869
0.482639
0.243619
0.443515
0.138654
0.322011
0.703343
0.506663
0.232402
0.405354
0.426858
0.145800
0.504987
0.304769
0.328252
0.676947
0.362339
0.727612
0.532238
0.138535
0.265244
0.401257
0.432543
0.134310
0.286219
-0.118426
-0.250172
-0.255176
0.369583
0.477130
0.481410
0.457830
0.711495
-0.255225
-0.105683
0.138150
0.138588
0.426402
0.337479
0.459715
0.415658
0.462671
0.444343
0.658419
0.398314
0.404294
0.411176
0.438527
0.321799
0.442304
0.453778
0.513763
0.238450
0.246499
-0.0343458
0.00252279
0.254118
0.304199
-0.0276901
0.313809
0.240128
0.308200
0.302366
0.278683
0.303542
0.218805
0.238424
0.198056
-0.0308093
0.219267
0.272976
0.246588
-0.00360526
0.196101
0.244580
0.248061
0.312462
0.217163
0.266911
0.0320638
0.0317350
0.236695
0.291683
0.242586
0.0123715
0.297554
0.245448
0.199225
0.248547
0.228702
0.251604
0.299352
-0.0286112
0.251751
-0.0280440
0.246708
0.232189
0.382958
0.228576
0.377935
0.291491
0.277274
0.236034
0.314124
0.228757
-0.0286264
0.239254
0.231894
0.215994
0.268797
-0.0284644
0.244690
0.284272
0.246721
0.242093
0.258514
0.241242
0.234266
0.232135
0.238907
0.233018
0.250991
0.0319766
-0.0315079
0.251805
0.233969
0.259248
0.267929
0.233067
0.253079
0.237526
0.239057
0.226848
0.233355
0.293364
0.230570
0.199332
0.229888
0.248955
0.229718
0.331176
0.231180
-0.0335769
-0.00160526
0.230590
0.250272
0.290699
0.404831
0.245325
0.243220
0.269848
0.177659
0.244512
0.233283
0.0318506
0.322640
0.0122881
0.198391
0.230655
0.249422
0.243691
-0.0297546
0.223205
0.240798
0.253304
0.00636394
-0.0284923
0.296546
0.234291
0.185239
0.238239
0.238722
0.231054
0.0319750
0.226352
0.0319745
0.274387
0.197681
0.270896
0.242523
0.0319746
0.226767
0.232086
0.275140
0.232313
0.229168
0.239918
-0.0183480
-0.0175489
0.230834
0.336798
0.293259
0.255680
0.300135
0.233518
0.314933
0.231947
0.297442
-0.0277830
0.237085
0.228366
0.220950
0.226642
-0.0283153
0.283755
0.238419
0.244799
0.287127
0.271166
-0.0178231
0.357735
0.182677
0.299073
0.251877
0.195187
0.0320645
0.237231
0.230837
0.250805
0.243002
0.238884
-0.0173470
-0.0306883
0.238884
0.0319197
0.228665
0.227782
0.0319772
0.321119
0.244119
0.321238
0.270795
0.277175
0.0320677
0.234389
0.244029
0.0318957
-0.00192238
0.199064
0.228028
0.243003
0.301830
0.308391
0.0320670
0.244773
0.265227
0.253405
0.241624
0.245538
0.279381
0.281526
0.237264
0.232653
0.253806
0.241671
0.243323
0.239413
0.251213
0.250884
0.249956
0.245513
0.279538
0.235614
0.230710
0.291232
0.293621
0.286967
0.274773
0.266751
0.293154
0.0319802
0.255726
0.230432
0.238073
0.297830
0.247180
0.228079
0.245777
0.234655
0.250615
0.267640
0.268317
0.239794
0.296124
0.232612
0.229388
0.200772
0.293312
0.267892
0.254575
0.266155
0.254070
0.248697
0.248208
0.227991
0.200312
0.233656
0.320624
0.320393
0.241729
0.272013
0.0320636
0.228208
0.229446
0.229251
0.280819
0.248002
0.237843
0.232069
0.232333
-0.0298238
0.269942
0.196991
0.248889
0.274537
0.236321
0.232461
0.296780
0.231779
0.239614
0.230026
0.241068
0.242323
0.236635
0.288490
0.294983
0.308002
0.235326
0.248562
0.275303
0.232584
0.304481
0.255827
0.234335
0.308287
0.240690
0.239396
0.339033
0.239823
0.232275
0.00254668
0.228739
0.208534
0.251498
0.234664
0.239728
-0.0220246
0.227178
-0.0278545
0.0136286
-0.0286056
0.325475
0.245876
0.186892
0.313354
0.00292493
0.254423
0.233747
0.0319004
0.275178
0.228877
0.229082
0.256215
0.238191
0.241818
0.232346
0.0319756
0.275397
0.247224
0.824547
0.170410
0.415060
0.168136
0.700957
0.466716
0.219520
0.262890
0.431189
0.366140
0.672128
0.451898
0.230898
0.258422
0.240009
0.447347
0.473087
0.462016
0.462016
0.307311
0.561596
0.420554
0.231762
0.296486
0.193822
0.369521
0.320962
0.283550
0.246469
0.300007
0.234253
0.352541
0.357098
0.498806
0.0557167
0.252528
0.200240
0.361734
0.368556
0.380046
0.239838
0.481174
0.215111
0.585166
0.196269
0.399605
-0.0649784
0.231515
0.262145
0.372935
0.660524
0.335656
0.194231
0.340619
0.281938
0.0775564
0.201609
0.519656
0.417115
0.464582
0.275058
0.214242
0.401762
0.152444
0.567249
0.238541
0.324124
0.466411
0.0559384
0.220171
0.503397
0.262135
0.484940
0.210212
0.548905
0.380630
0.215558
0.169723
0.298850
0.248714
0.437759
0.206343
0.407433
0.224027
0.377736
0.182150
0.180050
0.429462
0.519618
0.537143
0.0559175
0.497126
0.370762
0.190787
0.333475
0.278388
0.705817
0.287026
0.206007
0.182033
0.307402
0.606921
0.528643
0.328786
0.365074
0.218216
0.182547
0.243396
0.452030
0.602611
0.412547
0.382696
0.277083
0.372236
0.198300
0.146600
-0.0681607
0.170169
0.290626
0.236262
0.253717
0.432295
0.133587
0.170880
0.233303
0.310382
0.212456
0.401065
0.443204
0.225592
0.349337
0.128916
0.168823
0.254355
0.241501
0.322766
0.496542
0.324801
0.365605
0.249683
0.158727
0.304536
0.316892
0.0762815
0.140001
0.210496
0.579871
0.402087
0.387441
0.365302
0.211103
0.248380
0.174061
0.164278
0.163654
0.437378
0.427631
0.290173
0.171152
0.297674
0.0560986
0.389213
0.378435
0.301261
0.228131
0.274205
0.336068
0.260999
0.243057
0.369716
0.296624
0.280287
0.196478
0.208229
0.390317
0.211434
0.174993
0.172570
0.166192
0.455510
0.482287
0.392580
0.245018
0.540709
0.381277
0.247310
0.271955
0.147316
0.312499
-0.0722610
-0.0645668
0.576511
0.327233
0.304455
0.603412
0.285491
0.0774125
0.0791532
0.139022
0.303859
0.586995
0.325818
0.212826
0.339982
0.288028
0.277901
0.283023
0.288229
0.231975
0.283467
0.281897
0.437584
0.280670
0.296882
0.289168
0.180171
0.219573
0.274932
0.283474
0.208930
0.249310
0.00921944
0.287213
0.252156
0.238966
0.289605
0.328181
0.203418
0.290219
0.223348
0.198134
0.266627
0.236790
0.288470
0.278249
0.255258
0.170185
0.248824
0.00304590
0.303516
0.252128
0.277452
0.241185
0.293900
0.231850
0.222805
0.218603
0.239345
0.228204
-0.00597078
-0.00805665
0.516784
0.0564840
0.293175
0.270722
-0.0126986
0.243676
0.314800
0.406445
0.345429
-0.0739308
0.209443
0.360372
0.307093
0.269384
0.0479191
0.230356
0.192616
0.218706
0.232954
0.264529
0.241813
0.234925
0.274903
-0.0710008
0.283941
-0.0762189
0.331121
0.232491
0.157406
0.0566684
0.277680
-0.0678072
0.202937
-0.0764290
0.343535
0.403243
0.343719
0.308182
0.321523
0.325604
-0.0508865
0.235542
0.0566693
0.276514
0.0565378
0.0565361
0.289047
0.484420
0.314851
0.411736
0.309385
0.264827
0.260750
0.209834
-0.00601352
0.239506
0.252193
0.248964
-0.0600290
0.232524
0.294632
0.0565025
0.319397
0.284563
0.281491
0.258573
0.251812
0.355842
0.293651
0.276072
-0.0178943
0.295137
0.226382
0.213892
0.273994
0.317769
0.317108
0.237123
0.214905
0.282309
0.240003
0.0566643
0.291826
0.0566608
0.311457
0.220152
0.225097
0.162500
0.418131
0.410745
0.384465
0.362633
0.579116
0.354317
0.516142
0.445232
0.512868
0.405563
0.287786
0.262188
0.368933
0.307050
0.365627
0.350217
0.393018
0.473411
0.379633
0.369944
0.390351
0.420585
0.178539
0.314989
0.210551
0.285549
0.454611
0.316757
0.380185
0.359516
0.336563
0.268488
0.367498
0.268883
0.201477
0.323837
0.347924
0.197949
0.299319
0.274886
0.422072
0.195831
0.294735
0.0811317
0.394490
0.432451
0.472336
0.434595
0.432810
0.406947
0.323409
0.317430
-0.0744469
0.332572
0.377788
0.406034
0.356086
0.354193
0.279555
0.368183
0.335130
0.355524
0.216646
0.259957
0.439004
0.359187
0.269994
0.413016
0.368795
0.292541
0.469056
0.401069
0.354700
-0.0492007
0.399757
0.483645
0.258560
0.428705
0.381642
0.299109
0.403399
-0.120367
0.292594
-0.131461
0.490001
0.512092
0.326246
-0.140044
0.257238
0.319724
0.349316
0.345380
0.393846
0.411554
0.270471
0.461877
0.266666
0.277562
0.376389
0.363710
0.543241
0.280685
0.536779
0.359623
0.358127
0.347779
0.179080
0.148317
0.610391
0.542273
0.558824
0.271990
0.290324
0.526084
0.544061
0.401778
0.418713
0.246415
0.429179
0.400756
0.196247
0.352543
0.421711
0.394204
0.462848
0.493798
0.375754
0.370123
0.403224
0.422707
0.506559
0.372230
0.409562
0.323903
0.320251
0.348916
0.221414
0.182681
-0.120591
0.375599
0.160511
0.340234
0.482192
0.431820
0.360248
0.171487
0.215257
0.430222
0.337531
0.349604
0.316924
-0.130881
0.321885
0.540414
0.190734
0.353412
0.309428
0.475516
0.310693
0.314939
0.358542
0.356073
0.344870
0.213760
0.193219
0.374599
0.306271
0.446409
0.240622
0.456486
0.462241
0.464176
0.153517
0.221333
0.385294
0.307448
0.397895
0.444396
0.425617
0.344623
0.311684
-0.142468
0.237104
0.342208
0.447496
0.379124
0.288237
0.386416
0.333961
0.279449
0.279510
0.187288
0.443377
0.279478
0.279780
0.167014
0.412574
0.387055
0.396052
0.258218
0.363151
0.415774
0.469026
0.239279
0.474419
0.241868
0.227419
0.472629
0.171304
0.424894
0.420577
0.476612
0.449295
0.263447
0.440813
0.479057
0.507547
0.388324
0.293739
0.510836
0.435968
0.269097
0.281382
0.354296
0.343191
0.459508
0.405571
0.304576
0.439775
0.434637
0.311181
0.462712
0.308999
0.394654
0.447225
0.292989
0.256286
0.426986
0.165669
0.372610
0.513546
0.301824
0.380919
0.255791
0.465352
0.319904
0.461149
0.423480
0.343658
0.444338
0.428679
0.430428
0.303285
0.333042
0.318761
0.281140
0.283213
0.306135
0.276467
0.239067
0.379309
0.350743
0.269664
0.265153
0.299704
0.298479
0.346640
0.396261
0.436165
0.294961
0.221050
0.321925
0.428877
0.293990
0.435760
0.269346
0.364247
0.344602
0.376205
0.418105
0.445104
0.298584
0.197354
0.223176
0.269012
0.272378
0.265353
0.373007
0.314898
0.255502
0.272640
0.250025
0.412670
0.311369
0.499282
0.376784
0.363787
0.435158
0.452387
0.424084
0.372769
0.298130
0.267256
0.449077
0.304395
0.285955
0.224000
0.511866
0.506767
0.389667
0.434974
0.314099
0.290075
0.207146
0.432169
0.327038
0.230424
